%YAML:1.0
ft object:
   fname: "/usr/local//Cellar/opencv/2.4.10.1/share/OpenCV/lbpcascades/lbpcascade_frontalface.xml"
   x offset: 3.9359851507470012e-04
   y offset: 7.8362628817558289e-02
   z offset: 2.6059346199035645e+00
   reference: !!opencv-matrix
      rows: 152
      cols: 1
      dt: f
      data: [ -1.65296733e-01, -6.72742724e-02, -1.64978012e-01,
          -1.60028860e-02, -1.59681112e-01, 3.06803677e-02,
          -1.48966506e-01, 7.77749792e-02, -1.24983452e-01,
          1.26513779e-01, -8.93540084e-02, 1.57958075e-01,
          -4.43429351e-02, 1.80292770e-01, 3.69058293e-03,
          1.87625960e-01, 4.96583730e-02, 1.77637532e-01, 8.52332041e-02,
          1.52668282e-01, 1.12488709e-01, 1.19925812e-01, 1.29193261e-01,
          7.78981969e-02, 1.39485851e-01, 2.71101370e-02, 1.43883228e-01,
          -1.92882363e-02, 1.40999287e-01, -6.84657246e-02,
          1.19044304e-01, -9.99365672e-02, 9.28181186e-02,
          -1.23049714e-01, 6.12762794e-02, -1.22011289e-01,
          3.19975279e-02, -1.02776863e-01, 6.29857406e-02,
          -1.03805214e-01, 9.15271193e-02, -1.04962341e-01,
          -1.25131428e-01, -9.67217013e-02, -9.65818763e-02,
          -1.19907878e-01, -6.20788746e-02, -1.20543532e-01,
          -3.02504748e-02, -1.02868527e-01, -6.36558458e-02,
          -1.02921374e-01, -9.46720466e-02, -1.03235006e-01,
          -9.85844508e-02, -6.66727424e-02, -7.25809559e-02,
          -8.08793455e-02, -4.51488234e-02, -6.66077361e-02,
          -7.21861124e-02, -5.78657575e-02, -7.14182556e-02,
          -7.04673752e-02, 9.58473682e-02, -6.83981627e-02,
          7.09440187e-02, -8.18853155e-02, 4.41815518e-02,
          -6.75117970e-02, 7.11317956e-02, -5.97099811e-02,
          7.11636916e-02, -7.12023601e-02, -1.64285246e-02,
          -6.91920966e-02, -2.04179827e-02, -2.46094316e-02,
          -4.48611304e-02, 2.64196726e-03, -3.28396074e-02,
          2.25352161e-02, 5.62006980e-03, 2.91545987e-02, 3.98004539e-02,
          2.18730439e-02, 4.93510254e-02, 2.72505963e-03, 2.49567851e-02,
          -2.82830410e-02, 1.80943906e-02, -7.05796480e-02,
          -1.92170665e-02, 1.49217024e-02, 2.95450818e-02,
          1.42575083e-02, -5.81411533e-02, 7.79130906e-02,
          -3.26500349e-02, 6.06753826e-02, -8.79942533e-03,
          5.48121259e-02, 5.81641309e-03, 5.67407981e-02, 1.87939107e-02,
          5.38917482e-02, 4.12441418e-02, 5.95650524e-02, 6.18709996e-02,
          7.53120854e-02, 4.81018461e-02, 9.31589827e-02, 2.86645647e-02,
          1.02873348e-01, 5.57450717e-03, 1.05887726e-01,
          -2.02799886e-02, 1.04065165e-01, -4.25798595e-02,
          9.54934508e-02, -2.31898557e-02, 8.37075114e-02,
          5.22858230e-03, 8.69224668e-02, 3.20928656e-02, 8.26704055e-02,
          3.20016704e-02, 7.07344562e-02, 5.30683855e-03, 7.13810772e-02,
          -2.31130049e-02, 7.16408268e-02, 5.30222896e-03,
          7.88102746e-02, 6.92879222e-03, -2.49633740e-04,
          -8.59698951e-02, -7.41588846e-02, -5.92449121e-02,
          -7.41239339e-02, -5.90228215e-02, -6.25857040e-02,
          -8.57535303e-02, -6.26327470e-02, 8.30119699e-02,
          -7.55266249e-02, 5.71743138e-02, -7.50936270e-02,
          5.72569706e-02, -6.40020370e-02, 8.31122473e-02,
          -6.44418448e-02 ]
