%YAML:1.0
ft object:
   V: !!opencv-matrix
      rows: 152
      cols: 18
      dt: f
      data: [ -1.65296733e-01, 6.72742724e-02, 1.14707865e-01,
          2.49980175e-10, -2.06561182e-02, 2.22706109e-01,
          2.10934743e-01, 1.45485537e-04, -6.02581501e-02,
          -8.97160321e-02, 3.61761753e-03, 1.53734922e-01,
          2.71166842e-02, -6.13583215e-02, -2.54985541e-02,
          -1.42898023e-01, 2.57187337e-01, 1.83866754e-01,
          -6.72742724e-02, -1.65296733e-01, -2.51060644e-10,
          1.14707865e-01, -1.22538984e-01, 3.01326625e-02,
          -2.70011113e-03, -9.29720029e-02, -6.71513230e-02,
          -3.06433141e-02, -3.96908894e-02, -5.90609619e-03,
          6.53684363e-02, 7.93078914e-02, 1.50601223e-01,
          -9.64548811e-02, -8.79230201e-02, -2.82180831e-02,
          -1.64978012e-01, 1.60028860e-02, 1.14707865e-01,
          1.67695496e-10, 2.53270734e-02, 2.82943130e-01, 1.85433090e-01,
          -2.76991469e-03, -4.79351059e-02, -7.05841035e-02,
          -5.65736741e-03, 1.79270700e-01, -8.29084427e-04,
          -2.00984180e-02, -2.45947596e-02, -1.29610375e-01,
          1.11013524e-01, 1.30474553e-01, -1.60028860e-02,
          -1.64978012e-01, -1.67258707e-10, 1.14707865e-01,
          -6.10226057e-02, 3.56283709e-02, 1.14393961e-02,
          -6.57758564e-02, -7.36983195e-02, -6.77187089e-03,
          -1.07423976e-01, 6.72027934e-03, -2.97039598e-02,
          5.22986166e-02, 1.72483549e-01, -1.71788052e-01,
          -8.22976232e-02, -1.76775753e-01, -1.59681112e-01,
          -3.06803677e-02, 1.14707865e-01, 8.84618628e-11,
          7.67877847e-02, 2.96457142e-01, 1.72974452e-01,
          -2.35849414e-02, -4.76242863e-02, -2.84356903e-02,
          -3.72407841e-03, 1.96132630e-01, -4.92075980e-02,
          -3.33290398e-02, 1.65284518e-02, -7.95221180e-02,
          1.10612832e-01, 3.13192420e-02, 3.06803677e-02,
          -1.59681112e-01, -8.66712535e-11, 1.14707865e-01,
          2.56483629e-02, 7.20966607e-03, 1.62290595e-02,
          -5.23234196e-02, -3.69508564e-02, 8.24707076e-02,
          -1.92846656e-01, -7.57768154e-02, -1.81748327e-02,
          -2.61064600e-02, 1.76115111e-01, -1.24963500e-01,
          -1.64715713e-03, -1.86150938e-01, -1.48966506e-01,
          -7.77749792e-02, 1.14707865e-01, 3.90387896e-12,
          1.86378717e-01, 3.21595222e-01, 1.15472682e-01,
          -6.71817362e-02, -2.37005688e-02, 8.06865394e-02,
          -2.33285632e-02, 1.25999853e-01, -6.79963976e-02,
          1.61488540e-02, 3.97138819e-02, 3.62680815e-02,
          -1.28582902e-02, -2.89813261e-02, 7.77749792e-02,
          -1.48966506e-01, -7.77186854e-13, 1.14707865e-01,
          9.97325405e-02, 1.34701207e-02, 2.91529484e-02,
          -3.47341225e-02, -5.58457859e-02, 2.65940785e-01,
          -2.59514391e-01, -1.68356597e-01, -6.41281065e-03,
          3.81001495e-02, 6.69267997e-02, -4.86643910e-02,
          -5.43506406e-02, -3.32867950e-02, -1.24983452e-01,
          -1.26513779e-01, 1.14707865e-01, -9.47123699e-11,
          2.18742654e-01, 2.54248559e-01, 8.71686488e-02,
          -8.11694488e-02, 4.73411335e-03, 1.52079850e-01,
          -7.04764798e-02, 5.73196635e-02, -1.26373753e-01,
          1.47472285e-02, 1.83713157e-02, 2.25419655e-01,
          -1.46295503e-01, -1.08572312e-01, 1.26513779e-01,
          -1.24983452e-01, 9.91506113e-11, 1.14707865e-01,
          -8.75002816e-02, -4.65706736e-02, 1.02066830e-01,
          6.05236441e-02, -7.89664090e-02, 2.12539718e-01,
          -2.73223817e-01, -7.24841189e-03, -3.00757424e-03,
          4.92012613e-02, 9.06215608e-02, -6.03684597e-03,
          -1.57561377e-01, -7.56926984e-02, -8.93540084e-02,
          -1.57958075e-01, 1.14707865e-01, -1.75696763e-10,
          1.54393271e-01, 1.22770175e-01, 5.33230267e-02,
          -5.43172956e-02, 8.34624562e-03, 1.47304028e-01,
          -8.16880539e-02, -9.32144653e-03, -1.26727447e-01,
          -1.09166622e-01, -3.76515239e-02, 2.31129333e-01,
          -1.40882164e-01, -4.64534014e-02, 1.57958075e-01,
          -8.93540084e-02, 1.80869861e-10, 1.14707865e-01,
          -1.32558048e-01, -7.85667971e-02, 1.51409984e-01,
          8.75093266e-02, -2.43775826e-02, 9.01396126e-02,
          -2.12163001e-01, 1.16112575e-01, 4.97574136e-02,
          -2.09325124e-02, 8.97657648e-02, 6.28254190e-02,
          -1.80205684e-02, 3.88007201e-02, -4.43429351e-02,
          -1.80292770e-01, 1.14707865e-01, -2.50190590e-10,
          4.65878472e-02, -1.77299920e-02, 1.79827753e-02,
          -2.32755169e-02, -9.40392260e-03, 6.96535781e-02,
          -2.76807919e-02, -3.18904705e-02, -6.06299639e-02,
          -9.24565792e-02, -6.55161440e-02, 9.60638896e-02,
          -6.32384326e-03, -1.07153887e-02, 1.80292770e-01,
          -4.43429351e-02, 2.55776872e-10, 1.14707865e-01,
          -9.26939026e-02, -6.77033290e-02, 1.75312445e-01,
          5.94162531e-02, 7.05042109e-02, 7.94345606e-03,
          -1.62956640e-01, 1.75584540e-01, 8.99932608e-02,
          -2.88848579e-02, 8.28993246e-02, 2.05674469e-01,
          6.20619245e-02, 7.30844662e-02, 3.69058293e-03,
          -1.87625960e-01, 1.14707865e-01, -3.03292336e-10,
          -2.17384798e-03, -7.29609057e-02, 2.56418600e-03,
          -1.29727004e-02, -8.79635476e-03, -2.02493602e-03,
          2.61262208e-02, -4.69642167e-04, -3.66701372e-02,
          -3.44651006e-02, -9.57903117e-02, 6.91746771e-02,
          3.58729511e-02, 3.84202749e-02, 1.87625960e-01, 3.69058317e-03,
          3.08830711e-10, 1.14707865e-01, -7.60053694e-02,
          -3.31690088e-02, 1.89642474e-01, 5.18821403e-02,
          1.10499464e-01, -5.57014830e-02, -1.19082995e-01,
          1.93058193e-01, 8.11101422e-02, -3.99677493e-02,
          4.27758060e-02, 2.67212480e-01, 8.45057666e-02, 3.26603577e-02,
          4.96583730e-02, -1.77637532e-01, 1.14707865e-01,
          -3.26908389e-10, -7.83186853e-02, 3.94145958e-03,
          -1.74636357e-02, 4.07699570e-02, -1.76144596e-02,
          4.59692143e-02, -5.94208278e-02, -3.94466296e-02,
          -5.05865663e-02, 8.14230938e-04, -1.17232084e-01,
          -1.74170509e-02, 5.21479137e-02, 1.02710083e-01,
          1.77637532e-01, 4.96583730e-02, 3.31897010e-10, 1.14707865e-01,
          -1.02398530e-01, -6.09843712e-03, 1.97644740e-01,
          8.09084326e-02, 8.68209228e-02, -7.72929862e-02,
          -6.25174046e-02, 2.09290847e-01, 5.30005544e-02,
          -6.17707670e-02, 7.46969180e-03, 2.26257369e-01,
          3.55011672e-02, 1.44517245e-02, 8.52332041e-02,
          -1.52668282e-01, 1.14707865e-01, -3.17610493e-10,
          -2.02142924e-01, 6.96449727e-02, -1.75004825e-02,
          1.19126201e-01, -2.46906839e-02, 3.85124907e-02,
          -1.17135748e-01, -1.28432870e-01, -3.56563628e-02,
          -3.23016569e-02, -1.30014479e-01, -1.65084839e-01,
          1.82827428e-01, 8.92030075e-02, 1.52668282e-01, 8.52332041e-02,
          3.21662919e-10, 1.14707865e-01, -1.55013055e-01,
          2.91787218e-02, 1.96789354e-01, 1.25977054e-01,
          -1.70138404e-02, -8.55793133e-02, 4.55394574e-02,
          1.77074730e-01, 7.58891599e-03, 3.05530690e-02,
          -2.87214480e-02, 9.63292345e-02, -1.06209368e-01,
          -8.41617435e-02, 1.12488709e-01, -1.19925812e-01,
          1.14707865e-01, -2.88713525e-10, -2.71995813e-01,
          1.61077455e-01, -3.77043635e-02, 1.60733491e-01,
          -1.42697748e-02, -2.63553299e-02, -8.05524588e-02,
          -1.51236489e-01, 1.77875941e-03, -3.88665013e-02,
          -1.15838483e-01, -1.74216449e-01, 1.23185553e-01,
          3.70600782e-02, 1.19925812e-01, 1.12488709e-01, 2.91645430e-10,
          1.14707865e-01, -9.62644592e-02, 3.61723043e-02,
          1.50454432e-01, 1.12216435e-01, -3.10264640e-02,
          -1.14651486e-01, 1.83314875e-01, 1.36480466e-01,
          -3.03358864e-02, 4.76110131e-02, -2.32111532e-02,
          3.50465835e-03, -1.46373540e-01, -9.57588926e-02,
          1.29193261e-01, -7.78981969e-02, 1.14707865e-01,
