%YAML:1.0
ft object:
   detector:
      fname: "/usr/local//Cellar/opencv/2.4.10.1/share/OpenCV/lbpcascades/lbpcascade_frontalface.xml"
      x offset: 8.4084514528512955e-03
      y offset: 1.0028859227895737e-01
      z offset: 1.2309097051620483e+00
      reference: !!opencv-matrix
         rows: 22
         cols: 1
         dt: f
         data: [ -1.36589989e-01, -1.28934011e-01, 1.45589158e-01,
             -1.50724828e-01, -1.44684222e-02, 6.19488116e-03,
             -9.43631828e-02, 1.70034066e-01, 1.34815201e-02,
             1.36028901e-01, 2.14035306e-02, 2.26174727e-01,
             1.11781962e-01, 1.58790737e-01, 3.32588136e-01,
             -1.37465686e-01, -3.49256456e-01, -9.14077014e-02,
             2.56347004e-02, 4.02299583e-01, -5.58006763e-02,
             -5.90990543e-01 ]
   smodel:
      V: !!opencv-matrix
         rows: 22
         cols: 8
         dt: f
         data: [ -1.36589989e-01, 1.28934011e-01, 3.01511347e-01,
             -5.60156010e-09, -3.68022956e-02, -7.78051838e-02,
             6.50810078e-02, -3.55766177e-01, -1.28934011e-01,
             -1.36589989e-01, 5.16223064e-09, 3.01511347e-01,
             -1.18874840e-01, 1.51523538e-02, -1.62178606e-01,
             -1.79890662e-01, 1.45589158e-01, 1.50724828e-01,
             3.01511317e-01, -1.81203887e-08, -3.16473544e-02,
             -1.56846315e-01, -6.43804818e-02, 9.25369654e-03,
             -1.50724828e-01, 1.45589158e-01, 1.89339193e-08,
             3.01511317e-01, -6.75969422e-02, -1.14645988e-01,
             -1.46209672e-01, -2.41078541e-01, -1.44684222e-02,
             -6.19488116e-03, 3.01511347e-01, 1.06639875e-09,
             4.58126441e-02, -1.11185819e-01, -6.71891928e-01,
             5.51471353e-01, 6.19488116e-03, -1.44684222e-02,
             -1.13672172e-09, 3.01511347e-01, -4.34491694e-01,
             9.19080060e-03, -9.70812663e-02, -1.14225894e-01,
             -9.43631828e-02, -1.70034066e-01, 3.01511347e-01,
             1.77928268e-08, -1.60733964e-02, -1.47622069e-02,
             -2.16161124e-02, 8.72933716e-02, 1.70034066e-01,
             -9.43631828e-02, -1.84067943e-08, 3.01511347e-01,
             -6.40217587e-02, 1.45054579e-01, 4.62146886e-02,
             1.01961493e-01, 1.34815201e-02, -1.36028901e-01,
             3.01511347e-01, 1.08615952e-08, 1.37422001e-03,
             -2.93513179e-01, 3.45165618e-02, -1.67828351e-01,
             1.36028901e-01, 1.34815201e-02, -1.09659704e-08,
             3.01511347e-01, -2.98533916e-01, 8.11423361e-03,
             -2.06796974e-01, -1.72229454e-01, 2.14035306e-02,
             -2.26174727e-01, 3.01511317e-01, 1.80979001e-08,
             1.62442178e-02, -9.83390287e-02, 1.71074271e-01,
             -8.96988139e-02, 2.26174727e-01, 2.14035306e-02,
             -1.82758448e-08, 3.01511347e-01, -9.41348895e-02,
             4.55584042e-02, 2.95076162e-01, 2.70067751e-01,
             1.11781962e-01, -1.58790737e-01, 3.01511317e-01,
             9.03816133e-09, 9.13819224e-02, -1.05544455e-01,
             1.96124539e-01, -1.74436215e-02, 1.58790737e-01,
             1.11781962e-01, -8.74245565e-09, 3.01511317e-01,
             -1.06974609e-01, -4.72287387e-02, -9.32038203e-02,
             2.47622244e-02, 3.32588136e-01, 1.37465686e-01,
             3.01511317e-01, -2.41007267e-08, 6.81734085e-02,
             4.06226724e-01, 1.43227100e-01, 1.69028774e-01,
             -1.37465686e-01, 3.32588136e-01, 2.57113388e-08,
             3.01511317e-01, 5.92047989e-01, 1.89691577e-02,
             -1.88688666e-01, -7.87025839e-02, -3.49256456e-01,
             9.14077014e-02, 3.01511377e-01, 5.59770053e-09,
             -9.21120793e-02, 7.43982077e-01, -2.41255220e-02,
             -9.52902511e-02, -9.14077014e-02, -3.49256456e-01,
             -7.00654601e-09, 3.01511377e-01, 5.10327935e-01,
             4.08832729e-02, 1.92650594e-02, -1.53935969e-01,
             2.56347004e-02, -4.02299583e-01, 3.01511317e-01,
             3.26623741e-08, -2.27797087e-02, -3.62259410e-02,
             -4.47274894e-02, -6.65005669e-02, 4.02299583e-01,
             2.56347004e-02, -3.30329541e-08, 3.01511317e-01,
             1.77353457e-01, 2.94929389e-02, 1.55839235e-01,
             6.20950572e-02, -5.58006763e-02, 5.90990543e-01,
             3.01511377e-01, -4.72942823e-08, -2.35716160e-02,
             -2.55986661e-01, 2.16718212e-01, -2.45194193e-02,
             -5.90990543e-01, -5.58006763e-02, 4.77598014e-08,
             3.01511377e-01, -9.51007232e-02, -1.50541067e-01,
             3.77763838e-01, 4.81176525e-01 ]
      e: !!opencv-matrix
         rows: 8
         cols: 1
         dt: f
         data: [ -1., -1., -1., -1., 2.55357102e-02, 1.23305721e-02,
             5.95649332e-03, 3.53871984e-03 ]
      C: !!opencv-matrix
         rows: 10
         cols: 2
         dt: f
         data: [ 1.40129846e-44, 1.12103877e-44, 1.26116862e-44,
             1.26116862e-44, 1.26116862e-44, 9.80908925e-45,
             1.40129846e-44, 9.80908925e-45, 1.26116862e-44,
             1.12103877e-44, 0., 1.40129846e-45, 8.40779079e-45,
             5.60519386e-45, 4.20389539e-45, 7.00649232e-45,
             7.00649232e-45, 8.40779079e-45, 5.60519386e-45,
             4.20389539e-45 ]
   pmodel:
      reference: !!opencv-matrix
         rows: 0
         cols: 0
         dt: u
         data: []
      n_patches: 0
