%YAML:1.0
ft object:
   reference: !!opencv-matrix
      rows: 22
      cols: 1
      dt: f
      data: [ -2.00324211e+01, -1.89095879e+01, 2.13522491e+01,
          -2.21054516e+01, -2.12195301e+00, 9.08547342e-01,
          -1.38393965e+01, 2.49373627e+01, 1.97721291e+00,
          1.99501324e+01, 3.13906288e+00, 3.31710091e+01, 1.63940525e+01,
          2.32884045e+01, 4.87777023e+01, -2.01608524e+01,
          -5.12222939e+01, -1.34059429e+01, 3.75961018e+00,
          5.90016518e+01, -8.18378162e+00, -8.66752548e+01 ]
   n_patches: 11
   patch 0:
      P: !!opencv-matrix
         rows: 11
         cols: 11
         dt: f
         data: [ 5.42736659e-03, 7.27754226e-03, 9.10431519e-03,
             9.53979045e-03, 8.99952650e-03, 8.54753703e-03,
             8.45800061e-03, 8.56649596e-03, 8.75951815e-03,
             9.31994710e-03, 1.12139070e-02, 6.40671933e-03,
             7.23616034e-03, 7.90809374e-03, 7.57604791e-03,
             6.45224703e-03, 5.35351923e-03, 4.81437985e-03,
             4.32478264e-03, 3.58994678e-03, 3.36353481e-03,
             5.25004789e-03, 5.26272319e-03, 4.17860551e-03,
             3.28309648e-03, 2.06032908e-03, 1.64526413e-04,
             -1.67682709e-03, -2.21802853e-03, -1.64468889e-03,
             -6.66780921e-04, 1.74841567e-04, 2.13378202e-03,
             1.05313164e-04, -8.62456975e-04, -1.84415176e-03,
             -4.37837420e-03, -8.02651513e-03, -1.09351659e-02,
             -1.12200733e-02, -8.61774851e-03, -3.97863891e-03,
             6.90228699e-05, 3.11024394e-03, -5.82579849e-03,
             -3.54822725e-03, -3.23051494e-03, -7.80968508e-03,
             -1.46150319e-02, -1.90949421e-02, -1.92363653e-02,
             -1.50249060e-02, -7.54865305e-03, -3.31747637e-04,
             5.09074191e-03, -7.03345239e-03, -1.59596943e-03,
             -1.45329605e-03, -8.01863894e-03, -1.66216642e-02,
             -2.14057229e-02, -2.12454051e-02, -1.64212584e-02,
             -8.32323823e-03, -3.26707959e-04, 6.40717149e-03,
             -6.31328765e-03, 4.18016978e-04, 1.66200498e-05,
             -6.24725269e-03, -1.31670479e-02, -1.60136111e-02,
             -1.49035351e-02, -9.84012429e-03, -2.80687842e-03,
             3.37679568e-03, 8.66048317e-03, -9.10108071e-03,
             -8.27762356e-04, 8.73274170e-04, -1.93335675e-03,
             -4.45739320e-03, -4.06218879e-03, -2.10433430e-03,
             1.62143854e-03, 5.84815117e-03, 9.16682836e-03,
             1.21150417e-02, -1.42253404e-02, -4.54088766e-03,
             1.24518340e-03, 3.98753257e-03, 6.28524972e-03,
             8.58670846e-03, 9.67406295e-03, 1.01709981e-02,
             1.07469540e-02, 1.20070102e-02, 1.47990296e-02,
             -1.79751776e-02, -9.33311973e-03, -1.66985975e-03,
             4.68075741e-03, 9.91884433e-03, 1.27507308e-02,
             1.26841161e-02, 1.08585414e-02, 9.62666608e-03,
             1.09573305e-02, 1.55652938e-02, -2.00146623e-02,
             -1.44873029e-02, -8.80173873e-03, -3.40288621e-03,
             1.57340697e-03, 4.69099451e-03, 5.40307071e-03,
             4.57065040e-03, 5.00114867e-03, 8.63920338e-03,
             1.49643291e-02 ]
   patch 1:
      P: !!opencv-matrix
         rows: 11
         cols: 11
         dt: f
         data: [ -4.17737756e-04, -2.12931680e-03, -3.34394653e-03,
             -4.36644163e-03, -5.93643077e-03, -7.15129590e-03,
             -5.11008501e-03, 1.01786281e-03, 6.68246672e-03,
             1.03532467e-02, 1.38848005e-02, 1.65711332e-03,
             3.82093422e-05, 1.60146010e-04, 4.07962834e-05,
             -2.02735630e-03, -3.71312792e-03, -1.42785371e-03,
             4.64514969e-03, 9.86718852e-03, 1.32885929e-02,
             1.69683378e-02, 2.99460161e-03, 6.22683379e-04,
             -1.79716187e-06, -1.47088117e-03, -5.10689570e-03,
             -7.31958961e-03, -4.42932080e-03, 2.16849917e-03,
             7.52194412e-03, 1.10047804e-02, 1.47366496e-02,
             4.31977445e-03, -1.36336673e-03, -5.97761758e-03,
             -1.04849804e-02, -1.54388361e-02, -1.73096023e-02,
             -1.31571116e-02, -5.01904916e-03, 2.02546548e-03,
             6.71075890e-03, 1.03847235e-02, 6.55612303e-03,
             -2.41826009e-03, -1.09986290e-02, -1.81439072e-02,
             -2.39856020e-02, -2.55822390e-02, -2.04621386e-02,
             -1.05893277e-02, -1.51598768e-03, 4.87963436e-03,
             8.67548026e-03, 8.69166665e-03, -1.08137447e-03,
             -1.15583800e-02, -2.01342274e-02, -2.65827868e-02,
             -2.86940560e-02, -2.37795468e-02, -1.33784758e-02,
             -3.52956005e-03, 4.44649439e-03, 9.41078551e-03,
             1.02352332e-02, 1.69838790e-03, -8.41968972e-03,
             -1.65129155e-02, -2.24381518e-02, -2.50611436e-02,
             -2.17214823e-02, -1.30952056e-02, -3.67564010e-03,
             5.64469025e-03, 1.18586356e-02, 1.25744063e-02,
             6.74605882e-03, -1.00368983e-03, -7.52428826e-03,
             -1.25227589e-02, -1.53197907e-02, -1.36758517e-02,
             -7.64560793e-03, 3.85426451e-04, 9.18956567e-03,
             1.46536333e-02, 1.46634467e-02, 1.28789498e-02,
             8.66948906e-03, 3.64090479e-03, -9.22167383e-04,
             -3.65234632e-03, -2.79314257e-03, 1.33108313e-03,
             6.51255343e-03, 1.15301637e-02, 1.40232733e-02,
             1.41226863e-02, 1.62994247e-02, 1.53009677e-02,
             1.13664437e-02, 6.97329687e-03, 4.73398203e-03,
             5.42285573e-03, 7.87918083e-03, 9.63823497e-03,
             9.90178157e-03, 8.93849134e-03, 1.07779168e-02,
             1.53122731e-02, 1.61136109e-02, 1.29403351e-02,
             8.74342211e-03, 6.96479529e-03, 7.51132797e-03,
             8.34807474e-03, 7.46623846e-03, 4.82700905e-03,
             1.55289622e-03 ]
   patch 2:
      P: !!opencv-matrix
         rows: 11
         cols: 11
         dt: f
         data: [ 1.29807522e-04, 7.99470814e-04, 2.78635765e-03,
             5.80590405e-03, 8.45810212e-03, 9.12574865e-03,
             7.64861889e-03, 5.07575739e-03, 3.20709520e-03,
             2.24270066e-03, 8.84318666e-04, -1.88339851e-03,
             -1.07815617e-03, 8.00872745e-04, 4.52060252e-03,
             8.29270016e-03, 9.71133448e-03, 8.43932945e-03,
             5.61077474e-03, 3.59253399e-03, 2.92764534e-03,
             2.23996816e-03, -2.73507927e-03, -2.15942878e-03,
             -7.13608228e-04, 3.11188004e-03, 7.53387855e-03,
             9.68226418e-03, 8.83360207e-03, 6.39888318e-03,
             4.74231644e-03, 4.42589726e-03, 4.23267530e-03,
             -7.13113113e-04, -1.48808249e-04, 6.51049486e-04,
             3.52728111e-03, 7.46415695e-03, 9.73882806e-03,
             9.54893511e-03, 7.88894668e-03, 6.43085875e-03,
             5.95201459e-03, 5.52747166e-03, 2.67038424e-03,
             3.40109994e-03, 3.49968043e-03, 4.95167449e-03,
             7.66610075e-03, 9.65521857e-03, 9.89034865e-03,
             8.49326979e-03, 6.79746503e-03, 6.27426198e-03,
             5.59384376e-03, 2.68437085e-03, 3.64670693e-03,
             3.47291003e-03, 4.06049518e-03, 5.80279343e-03,
             7.43447943e-03, 7.81462155e-03, 6.37458777e-03,
             4.64951526e-03, 4.27592359e-03, 3.18912230e-03,
             -1.94631005e-03, -6.63059240e-04, -6.98863063e-04,
             -3.82975879e-04, 9.58018762e-04, 2.65734876e-03,
             3.68311116e-03, 2.93961749e-03, 1.50512962e-03,
             6.09788054e-04, -1.76811579e-03, -7.54363323e-03,
             -6.31254632e-03, -6.73836889e-03, -7.07390998e-03,
             -5.99669991e-03, -3.76612647e-03, -1.25656289e-03,
             -3.66789696e-04, -1.47176709e-03, -3.51199880e-03,
             -7.47800246e-03, -1.02005871e-02, -9.69000068e-03,
             -1.11249313e-02, -1.22593502e-02, -1.13072610e-02,
             -8.40305723e-03, -4.39055916e-03, -1.92690548e-03,
             -2.79215793e-03, -6.18650438e-03, -1.16596036e-02,
             -1.07475678e-02, -1.08533232e-02, -1.25115542e-02,
